image_width: 320
image_height: 240
camera_name: camerav2_320x240
camera_matrix:
  rows: 3
  cols: 3
  data: [101.85916357881302, 0.0, 159.5, 0.0, 101.85916357881302, 119.5, 0.0, 0.0, 1.0]
distortion_model: plumb_bob
distortion_coefficients:
  rows: 1
  cols: 5
  data: [0.0, 0.0, 0.0, 0.0, 0.0]
rectification_matrix:
  rows: 3
  cols: 3
  data: [1, 0, 0, 0, 1, 0, 0, 0, 1]
projection_matrix:
  rows: 3
  cols: 4
  data: [101.85916357881302, 0.0, 159.5, 0.0, 0.0, 101.85916357881302, 119.5, 0.0, 0.0, 0.0, 1.0, 0.0]
